a,b
0.1679026,0.0204891
0.1154796,0.0035192
0.0447800,0.0182455
0.2542762,0.0190228
0.0236827,0.0037462
0.1048974,0.0442934
0.1808980,0.0152126
0.1211551,0.0314273
0.0119368,0.0245032
0.1849157,0.0388363
0.1076924,0.0355988
0.1943942,0.0472192
0.0965738,0.0389589
0.1731362,0.0201116
0.1996603,0.0175281
0.1814244,0.0039438
0.0417306,0.0046026
0.1887239,0.0123931
0.0997191,0.0188234
0.2856157,0.0272266
0.0671059,0.0382109
0.1261812,0.0230053
0.0266867,0.0045039
0.2225061,0.0160390
0.2945300,0.0470414
0.2170322,0.0350852
0.1868642,0.0235360
0.1029931,0.0327216
0.1062524,0.0089122
0.1330637,0.0105516
0.2899649,0.0018230
0.1984413,0.0154444
0.0670355,0.0428981
0.1437666,0.0483338
0.2067504,0.0028208
0.3040524,0.0053717
0.0452139,0.0499427
0.1203510,0.0010911
0.1405904,0.0491468
0.2715423,0.0359209
0.0556223,0.0458202
0.1927140,0.0114072
0.0795101,0.0147323
0.0697226,0.0024179
0.2894025,0.0088994
0.0723689,0.0254477
0.2434217,0.0426785
0.0507393,0.0018555
0.2430542,0.0275241
0.0743945,0.0450126
0.2127977,0.0346332
0.2893099,0.0350811
0.3014851,0.0478669
0.0995337,0.0261625
0.0938967,0.0439511
0.2302133,0.0169466
0.1465538,0.0075999
0.2911121,0.0418744
0.1508133,0.0277103
0.1442337,0.0397707
0.3111681,0.0057324
0.1734503,0.0045718
0.0998647,0.0339729
0.0978857,0.0370738
0.0952809,0.0409917
0.1448026,0.0095544
0.1149747,0.0236896
0.1614413,0.0288908
0.0846878,0.0174667
0.1756489,0.0241152
0.1857944,0.0342717
0.2554077,0.0342397
0.1470060,0.0166937
0.3350066,0.0066241
0.2734523,0.0136035
0.1770432,0.0333605
0.2271699,0.0075360
0.1604203,0.0303535
0.3370243,0.0483651
0.0965377,0.0498490
0.2722109,0.0282888
0.3194709,0.0018112
0.2598519,0.0238862
0.0849238,0.0024178
0.1986540,0.0283613
0.1195707,0.0397961
0.3348618,0.0100210
0.2425086,0.0249022
0.2059695,0.0011471
0.1024844,0.0478184
0.1352157,0.0098291
0.2025635,0.0211097
0.3484656,0.0146273
0.1076389,0.0121513
0.1227806,0.0392324
0.1152383,0.0288159
0.1724526,0.0244853
0.2772925,0.0278475
0.3490409,0.0204967
0.2940813,0.0195395
0.1071437,0.0057689
0.2834046,0.0432638
0.2102913,0.0009404
0.1536311,0.0265259
0.3724027,0.0039433
0.2289241,0.0127209
0.2156184,0.0214141
0.1103110,0.0344728
0.2077593,0.0105939
0.1421528,0.0199202
0.2169279,0.0376980
0.1898707,0.0212130
0.1485951,0.0261382
0.3025272,0.0129944
0.1357177,0.0393034
0.3828913,0.0138732
0.2786031,0.0203193
0.2175176,0.0478345
0.1589459,0.0359406
0.3499141,0.0445897
0.1502722,0.0020405
0.3172908,0.0393394
0.1668572,0.0059164
0.3491206,0.0313544
0.1569554,0.0445220
0.1473361,0.0110804
0.1630188,0.0334975
0.2799681,0.0300710
0.2281371,0.0088413
0.1702880,0.0410900
0.3735251,0.0482479
0.2503613,0.0276674
0.3789760,0.0463224
0.2514894,0.0141342
0.2151235,0.0207969
0.1756715,0.0163474
0.4097414,0.0318259
0.1825819,0.0117115
0.3714372,0.0161651
0.4070835,0.0244253
0.2968013,0.0370095
0.1603971,0.0170560
0.3804427,0.0135082
0.3165723,0.0318452
0.4133464,0.0112741
0.2426431,0.0444365
0.3323860,0.0259828
0.3093064,0.0046425
0.3744495,0.0274402
0.3103971,0.0323305
0.2262488,0.0452639
0.3143416,0.0198156
0.3254006,0.0324428
0.3885936,0.0206050
0.2632769,0.0358099
0.2008691,0.0277855
0.2756442,0.0328582
0.1721576,0.0223812
0.3895183,0.0008633
0.2325021,0.0231336
0.4090711,0.0060523
0.3562956,0.0016083
0.2096445,0.0431192
0.3512639,0.0441445
0.2067251,0.0303053
0.4014393,0.0426296
0.1723313,0.0418980
0.4254541,0.0072120
0.3648238,0.0054081
0.3223513,0.0264943
0.2806627,0.0094660
0.4429247,0.0286554
0.3421103,0.0152411
0.2685474,0.0090835
0.2693794,0.0046174
0.2873668,0.0141794
0.3476807,0.0130585
0.4133638,0.0429192
0.2838570,0.0155373
0.2024451,0.0161332
0.2121867,0.0427745
0.3786636,0.0224270
0.4395359,0.0362404
0.2912001,0.0330867
0.2706748,0.0077772
0.2315695,0.0159305
0.2154620,0.0345412
0.4217730,0.0481984
0.2879023,0.0409125
0.2860965,0.0316679
0.2222758,0.0315962
0.3659728,0.0486316
0.4244576,0.0102291
0.3074575,0.0482681
0.3865322,0.0202834
0.3170661,0.0390889
0.4287559,0.0463714
0.3567489,0.0122351
0.2783774,0.0107375
0.2459234,0.0374533
0.3585445,0.0067459
0.2968879,0.0435723
0.2348828,0.0387469
0.2127400,0.0314801
0.4470984,0.0140600
0.3202574,0.0444203
0.2371164,0.0484246
0.3004866,0.0167344
0.2118117,0.0131614
0.4606639,0.0496303
0.2190997,0.0052186
0.3138820,0.0090487
0.4428702,0.0305298
0.3937023,0.0254903
0.4714882,0.0324790
0.3745604,0.0015061
0.3358323,0.0195064
0.2486070,0.0254425
0.2616805,0.0115663
0.2381802,0.0308041
0.4591563,0.0008744
0.3862312,0.0197876
0.2543298,0.0257841
0.4875981,0.0331463
0.2727577,0.0107411
0.3364393,0.0485823
0.2276324,0.0097505
0.4596424,0.0155766
0.2271491,0.0211110
0.4858029,0.0280751
0.4156077,0.0324154
0.4262611,0.0005877
0.3397593,0.0173979
0.3812178,0.0295784
0.3459943,0.0225390
0.2386951,0.0494759
0.5003876,0.0113091
0.4872221,0.0302790
0.4855210,0.0186002
0.4214554,0.0492710
0.2625555,0.0206907
0.3334753,0.0396397
0.2847705,0.0270588
0.4688226,0.0247156
0.3637793,0.0091139
0.2842457,0.0471882
0.2666564,0.0345246
0.4111607,0.0072413
0.4852965,0.0232789
0.5219642,0.0446259
